F 1824.839883 1880.660829 3.717551
E 0.000000 100.000000 100.000000 0.174533
F 1824.839883 1880.660829 3.717551
E 0.000000 100.000000 100.000000 0.174533
F 1824.839883 1880.660829 3.717551
E 0.000000 100.000000 100.000000 0.174533
F 1824.839883 1880.660829 3.717551
E 0.000000 100.000000 100.000000 0.174533
F 1824.839883 1880.660829 3.717551
E 0.000000 100.000000 100.000000 0.174533
F 1824.839883 1880.660829 3.717551
E 0.000000 100.000000 100.000000 0.174533
F 1824.839883 1880.660829 3.717551
E 0.000000 100.000000 100.000000 0.174533
F 1824.839883 1880.660829 3.717551
E 0.000000 100.000000 100.000000 0.174533
F 1824.839883 1880.660829 3.717551
E 0.000000 100.000000 100.000000 0.174533
F 1824.839883 1880.660829 3.717551
E 0.000000 100.000000 100.000000 0.174533
F 1824.839883 1880.660829 3.717551
E 0.000000 100.000000 100.000000 0.174533
F 1824.839883 1880.660829 3.717551
E 0.000000 100.000000 100.000000 0.174533
F 1824.839883 1880.660829 3.717551
E 0.000000 100.000000 100.000000 0.174533
F 1804.058465 1867.165218 3.717551
E 0.611625 100.192849 100.097115 0.191633
F 1766.886069 1843.025182 3.717551
E -2.971214 100.810735 100.866220 0.238237
F 1729.210438 1818.699084 -2.567886
E -2.573429 101.428474 102.720189 0.277976
F 1691.397536 1794.263968 -2.567886
E -2.570866 102.067796 106.030807 0.312954
F 1691.397536 1794.263968 -2.567886
E -2.570866 102.067796 106.030807 0.312954
F 1653.877757 1770.018271 -2.567886
E -2.568856 102.693153 110.974380 0.343934
F 1616.275577 1745.578789 -2.565634
E -2.566300 103.291340 117.747378 0.372564
F 1578.599946 1721.252690 -2.567886
E -2.565476 103.886010 126.380062 0.399147
F 1540.997766 1696.813207 -2.565634
E -2.565244 104.477288 136.821927 0.424066
F 1540.997766 1696.813207 -2.565634
E -2.565244 104.477288 136.821927 0.424066
F 1503.322134 1672.487109 -2.567886
E -2.565235 105.065245 148.969512 0.447599
F 1465.719954 1648.047626 -2.565634
E -2.565310 105.649939 162.694380 0.469956
F 1465.719954 1648.047626 -2.565634
E -2.565310 105.649939 162.694380 0.469956
F 1428.044322 1623.721527 -2.567886
E -2.565415 106.231422 177.863409 0.491297
F 1390.442142 1599.282045 -2.565634
E -2.565525 106.809745 194.350774 0.511748
F 1352.766511 1574.955946 -2.567886
E -2.565631 107.384959 212.043554 0.531413
F 1315.164331 1550.516463 -2.565634
E -2.565729 107.957111 230.843332 0.550376
F 1277.488699 1526.190365 -2.567886
E -2.565818 108.526249 250.665641 0.568707
F 1277.488699 1526.190365 -2.567886
E -2.565818 108.526249 250.665641 0.568707
F 1239.886519 1501.750882 -2.565634
E -2.565898 109.092420 271.438468 0.586465
F 1202.210887 1477.424783 -2.567886
E -2.565969 109.655670 293.100484 0.603701
F 1164.397986 1452.989667 -2.567886
E -2.566165 110.247345 315.684790 0.620584
F 1164.397986 1452.989667 -2.567886
E -2.566165 110.247345 315.684790 0.620584
F 1126.878207 1428.743971 -2.567886
E -2.566314 110.826558 338.876133 0.636769
F 1089.276027 1404.304488 -2.565634
E -2.566320 111.381028 362.907130 0.652678
F 1051.600395 1379.978390 -2.567886
E -2.566330 111.932752 387.659179 0.668208
F 1013.787493 1355.543274 -2.567886
E -2.566440 112.512412 413.200069 0.683500
F 1013.787493 1355.543274 -2.567886
E -2.566440 112.512412 413.200069 0.683500
F 976.267715 1331.297577 -2.567886
E -2.566529 113.079993 439.200261 0.698228
F 938.665535 1306.858094 -2.565634
E -2.566517 113.623468 465.940454 0.712766
F 900.989903 1282.531996 -2.567886
E -2.566510 114.164356 493.302824 0.727014
F 900.989903 1282.531996 -2.567886
E -2.566510 114.164356 493.302824 0.727014
F 863.387723 1258.092513 -2.565634
E -2.566506 114.702694 521.268541 0.740988
F 825.712092 1233.766415 -2.567886
E -2.566506 115.238518 549.820578 0.754703
F 787.899190 1209.331299 -2.567886
E -2.566577 115.801615 579.055872 0.768275
F 749.793165 1184.706763 -2.567886
E -2.566640 116.370880 609.081380 0.781817
F 749.793165 1184.706763 -2.567886
E -2.566640 116.370880 609.081380 0.781817
F 712.190984 1160.267280 -2.565634
E -2.566629 116.899060 639.306343 0.794828
F 674.515353 1135.941182 -2.567886
E -2.566621 117.424864 670.064357 0.807629
F 636.913173 1111.501699 -2.565634
E -2.566615 117.948324 701.344113 0.820231
F 636.913173 1111.501699 -2.565634
E -2.566615 117.948324 701.344113 0.820231
F 599.237541 1087.175600 -2.567886
E -2.566611 118.469471 733.135107 0.832642
F 561.635361 1062.736118 -2.565634
E -2.566609 118.988336 765.427539 0.844871
F 523.959730 1038.410019 -2.567886
E -2.566607 119.504949 798.212237 0.856925
F 523.959730 1038.410019 -2.567886
E -2.566607 119.504949 798.212237 0.856925
F 486.357549 1013.970536 -2.565634
E -2.566606 120.019338 831.480591 0.868812
F 448.681918 989.644438 -2.567886
E -2.566606 120.531532 865.224494 0.880538
F 411.468703 964.613114 -2.552124
E -2.566347 121.046408 899.435296 0.892217
F 377.464078 935.793039 -2.455305
E -2.564009 121.724369 933.760764 0.907506
F 377.464078 935.793039 -2.455305
E -2.564009 121.724369 933.760764 0.907506
F 345.934246 903.554975 -2.360737
E -2.558259 122.419251 968.614522 0.922617
F 317.797051 868.535463 -2.263918
E -2.549437 123.231500 1003.184547 0.937580
F 293.185236 831.166998 -2.169350
E -2.537828 124.322948 1037.215979 0.952047
F 272.211979 791.641487 -2.074782
E -2.523683 125.944379 1070.618905 0.966297
F 272.211979 791.641487 -2.074782
E -2.523683 125.944379 1070.618905 0.966297
F 255.248932 750.420542 -1.977963
E -2.507264 128.373750 1103.028937 0.980431
F 242.105103 707.099556 -1.881144
E -2.488414 131.979514 1134.845097 0.994685
F 233.481608 663.721759 -1.784324
E -2.468078 136.889030 1164.650138 1.008265
F 228.743114 619.056427 -1.692008
E -2.445709 143.509254 1193.503569 1.021649
F 228.743114 619.056427 -1.692008
E -2.445709 143.509254 1193.503569 1.021649
F 232.601956 573.423669 -1.514131
E -2.420601 152.556930 1220.073805 1.043858
F 245.011497 530.378809 -1.322744
E -2.393146 164.119716 1241.482924 1.066980
F 264.504218 490.859466 -1.144866
E -2.363877 178.352048 1257.496647 1.087534
F 264.504218 490.859466 -1.144866
E -2.363877 178.352048 1257.496647 1.087534
F 288.159467 457.105933 -0.994008
E -0.764347 1267.997635 194.163209 1.103475
F 317.427953 426.609017 -0.838647
E -0.734089 1274.324067 212.610473 1.120067
F 350.261202 401.142756 -0.692292
E -0.703992 1276.124930 232.609734 1.135221
F 350.261202 401.142756 -0.692292
E -0.703992 1276.124930 232.609734 1.135221
F 386.376212 380.934259 -0.543686
E -0.674122 1273.572627 253.954815 1.150337
F 424.186138 365.991915 -0.408589
E -0.645259 1266.978972 275.935758 1.163721
F 465.627837 356.799706 -0.250976
E -0.616207 1255.776652 299.452910 1.179762
F 507.257582 353.891897 -0.102369
E -0.589346 1240.412177 322.664547 1.194438
F 507.257582 353.891897 -0.102369
E -0.589346 1240.412177 322.664547 1.194438
F 548.510488 357.189625 0.046237
E -0.565019 1221.257029 345.283437 1.208813
F 589.126481 366.825773 0.199347
E -0.543649 1198.265689 367.121743 1.223574
F 627.871662 382.327448 0.347953
E -0.526356 1172.074118 387.387817 1.237730
F 627.871662 382.327448 0.347953
E -0.526356 1172.074118 387.387817 1.237730
F 669.076894 399.149893 0.381727
E -0.511123 1142.632405 408.222756 1.246218
F 710.651381 415.965789 0.383979
E -0.496934 1113.620193 430.081677 1.254421
F 752.276335 432.656368 0.381727
E -0.483525 1085.750454 453.278335 1.262571
F 793.409079 449.167749 0.381727
E -0.471310 1059.385432 477.572590 1.270480
F 793.409079 449.167749 0.381727
E -0.471310 1059.385432 477.572590 1.270480
F 834.983566 465.983644 0.383979
E -0.460533 1033.890975 503.444926 1.278528
F 876.726201 482.849077 0.383979
E -0.451921 1009.528928 530.731850 1.286586
F 918.792423 499.845251 0.383979
E -0.446303 986.304095 559.534220 1.294718
F 960.417377 516.535830 0.381727
E -0.445000 964.749470 589.241545 1.302616
F 960.417377 516.535830 0.381727
E -0.445000 964.749470 589.241545 1.302616
F 1001.991864 533.351725 0.383979
E -0.450002 944.670944 620.033902 1.310466
F 1043.087327 549.955679 0.383979
E -0.464517 926.440577 651.282456 1.318088
F 1084.829962 566.821113 0.383979
E -0.494873 909.953900 683.468761 1.325905
F 1084.829962 566.821113 0.383979
E -0.494873 909.953900 683.468761 1.325905
F 1126.249011 583.555806 0.383979
E -0.551543 896.370908 715.040769 1.333557
F 1167.991646 600.421240 0.383979
E -0.655506 887.170754 744.738772 1.341285
F 1209.410695 617.155933 0.383979
E -2.399800 768.491470 886.036083 1.348850
F 1251.153330 634.021367 0.383979
E -2.623843 781.727302 897.817064 1.356490
F 1251.153330 634.021367 0.383979
E -2.623843 781.727302 897.817064 1.356490
F 1292.005434 651.668885 0.404243
E -2.806167 783.177659 922.717679 1.364030
F 1331.363589 674.038592 0.501063
E -2.911804 775.561460 956.355350 1.374311
F 1365.683393 703.006920 0.672185
E -2.953537 760.814145 992.288096 1.389949
F 1365.683393 703.006920 0.672185
E -2.953537 760.814145 992.288096 1.389949
F 1393.914001 738.234400 0.863572
E -2.955650 740.137070 1026.983397 1.407510
F 1414.488406 774.776068 1.023437
E -2.937422 717.189659 1056.268657 1.420841
F 1429.636490 813.648084 1.167540
E -2.908947 692.090529 1082.191529 1.432690
F 1429.636490 813.648084 1.167540
E -2.908947 692.090529 1082.191529 1.432690
F 1438.765961 853.829071 1.313895
E -2.874767 665.812045 1104.359721 1.444467
F 1442.323410 894.508457 1.451243
E -2.837065 638.824613 1122.773292 1.455363
F 1439.750772 936.160258 1.599850
E -2.795992 610.844166 1137.730531 1.467284
F 1430.216678 972.241164 1.775476
E -2.757349 585.885028 1146.791328 1.480194
F 1430.216678 972.241164 1.775476
E -2.757349 585.885028 1146.791328 1.480194
F 1414.218845 1005.613429 1.960108
E -2.717456 561.629241 1150.743569 1.493754
F 1392.551787 1035.594933 2.140237
E -2.676976 538.604914 1149.605743 1.506766
F 1365.863908 1061.209559 2.320366
E -2.636919 517.565958 1143.623756 1.519667
F 1365.863908 1061.209559 2.320366
E -2.636919 517.565958 1143.623756 1.519667
F 1333.639834 1081.833017 2.516256
E -2.596960 498.654125 1132.519703 1.534271
F 1298.716430 1095.635447 2.707643
E -2.560227 483.469836 1117.113046 1.548126
F 1262.385145 1102.683600 2.892276
E -2.527454 472.030507 1098.309924 1.561096
F 1222.987572 1106.489106 3.013863
E -2.496312 463.191786 1075.948896 1.569850
F 1222.987572 1106.489106 3.013863
E -2.496312 463.191786 1075.948896 1.569850
F 1178.175451 1112.363688 3.011611
E -2.463969 456.459175 1051.223849 1.576472
F 1134.038183 1118.014601 3.013863
E -2.434615 453.563284 1029.439309 1.582864
F 1089.730098 1123.705047 3.013863
E -2.408243 455.232027 1009.949323 1.589280
F 1089.730098 1123.705047 3.013863
E -2.408243 455.232027 1009.949323 1.589280
F 1044.571870 1129.624475 3.011611
E -2.385083 462.297618 992.450815 1.595922
F 1000.088496 1135.320234 3.013863
E -2.366621 474.985580 977.379251 1.602336
F 955.622481 1141.149969 3.011611
E -0.782397 964.323831 493.449406 1.608724
F 955.622481 1141.149969 3.011611
E -0.782397 964.323831 493.449406 1.608724
F 911.673377 1146.894930 3.011611
E -0.774951 953.319366 517.186728 1.614939
F 867.190002 1152.590689 3.013863
E -0.774716 944.068316 546.189190 1.621278
F 822.723988 1158.420424 3.011611
E -0.783820 936.796330 579.535185 1.627592
F 778.240613 1164.116183 3.013863
E -2.376218 616.298953 931.740507 1.633881
F 733.774599 1169.945919 3.011611
E -2.415255 655.287618 929.417776 1.640147
F 733.774599 1169.945919 3.011611
E -2.415255 655.287618 929.417776 1.640147
F 689.133383 1175.781351 3.011611
E -2.479272 695.073657 930.832556 1.646436
F 644.838223 1181.571548 3.011611
E -2.576074 732.781356 937.745090 1.652605
F 600.197007 1187.406980 3.011611
E -2.709976 765.772265 953.002162 1.658847
F 600.197007 1187.406980 3.011611
E -2.709976 765.772265 953.002162 1.658847
F 555.496302 1192.773238 3.020618
E -2.862873 790.438707 979.307775 1.665084
F 510.725219 1189.228780 -3.091445
E -2.992122 802.331388 1017.434329 1.678015
F 472.395486 1173.136350 -2.807742
E -3.056841 799.612706 1059.527145 1.701651
F 445.677354 1152.411787 -2.573574
E -3.070873 788.994167 1094.127777 1.717459
F 445.677354 1152.411787 -2.573574
E -3.070873 788.994167 1094.127777 1.717459
F 424.105782 1125.462063 -2.334903
E -3.060218 772.678191 1126.476983 1.733740
F 409.807637 1095.426394 -2.107490
E -3.034188 753.212073 1152.894614 1.748462
F 402.731933 1062.361300 -1.873323
E -2.997519 730.877838 1173.682177 1.763850
F 402.731933 1062.361300 -1.873323
E -2.997519 730.877838 1173.682177 1.763850
F 403.813432 1027.833365 -1.630148
E -2.953313 706.521693 1187.679651 1.780183
F 412.492813 995.531002 -1.400484
E -2.906829 682.535104 1193.913229 1.794780
F 428.151944 966.181897 -1.173071
E -2.859244 659.360568 1193.067832 1.809005
F 449.341495 941.494551 -0.954664
E -2.813033 638.253926 1185.792349 1.822132
F 449.341495 941.494551 -0.954664
E -2.813033 638.253926 1185.792349 1.822132
F 475.937988 921.820312 -0.729503
E -2.767886 619.198339 1172.432480 1.835896
F 506.539742 908.379236 -0.504342
E -2.725543 603.028720 1153.640010 1.849621
F 545.925055 889.964688 -0.448052
E -2.674041 585.163199 1126.475664 1.855485
F 545.925055 889.964688 -0.448052
E -2.674041 585.163199 1126.475664 1.855485
F 586.081197 870.793996 -0.445800
E -2.624528 570.048623 1101.262122 1.860919
F 626.387225 851.532332 -0.445800
E -2.578118 559.140086 1079.294639 1.866379
F 667.008144 832.120187 -0.445800
E -2.535062 553.940450 1060.196776 1.871908
F 706.999282 813.009005 -0.445800
E -2.496458 555.777061 1043.984936 1.877252
F 706.999282 813.009005 -0.445800
E -2.496458 555.777061 1043.984936 1.877252
F 747.620201 793.596860 -0.445800
E -2.461019 565.626343 1029.773048 1.882749
F 788.241120 774.184715 -0.445800
E -2.429181 583.944968 1017.492691 1.888230
F 828.547148 754.923051 -0.445800
E -2.400874 610.410172 1006.921819 1.893611
F 869.168067 735.510906 -0.445800
E -2.375356 644.939239 997.642240 1.899061
F 869.168067 735.510906 -0.445800
E -2.375356 644.939239 997.642240 1.899061
F 911.982647 720.303900 -0.355735
E -0.785048 988.524200 686.175405 1.906243
F 955.589538 709.510057 -0.258916
E -0.780306 978.909777 731.067610 1.913529
F 1000.035624 702.982163 -0.162097
E -2.375323 777.944850 969.517418 1.920788
F 1000.035624 702.982163 -0.162097
E -2.375323 777.944850 969.517418 1.920788
F 1044.721871 700.683714 -0.067529
E -2.462200 823.301209 962.782610 1.927891
F 1089.774285 702.608055 0.027039
E -2.677412 859.880833 965.702853 1.935051
F 1133.909014 708.856013 0.123858
E -2.963925 874.686481 989.818690 1.942148
F 1133.909014 708.856013 0.123858
E -2.963925 874.686481 989.818690 1.942148
F 1177.281125 719.946922 0.231936
E -3.128629 870.009178 1032.560682 1.949721
F 1217.832546 739.784383 0.423323
E 3.103194 854.667524 1081.922599 1.962279
F 1253.567477 766.800515 0.614710
E 3.109170 832.952374 1130.069380 1.974676
F 1282.607976 796.786572 0.767819
E 3.137944 809.451581 1171.996095 1.983747
F 1282.607976 796.786572 0.767819
E 3.137944 809.451581 1171.996095 1.983747
F 1306.979093 829.760034 0.902916
E -3.106850 784.866785 1210.043155 1.991611
F 1326.295332 865.342859 1.040265
E -3.063438 759.914313 1244.203526 1.999455
F 1340.577097 904.554110 1.188871
E -3.014739 733.991270 1275.202994 2.008149
F 1353.753596 945.440104 1.247413
E -2.963620 708.239591 1304.745117 2.013487
F 1353.753596 945.440104 1.247413
E -2.963620 708.239591 1304.745117 2.013487
F 1367.949302 987.796562 1.247413
E -2.913285 684.135622 1337.008785 2.018535
F 1382.145009 1030.153020 1.247413
E -2.866384 663.369783 1372.410840 2.023569
F 1396.229811 1072.178568 1.247413
E -2.822546 646.079639 1410.572056 2.028513
F 1396.229811 1072.178568 1.247413
E -2.822546 646.079639 1410.572056 2.028513
F 1410.479546 1115.068916 1.249665
E -2.780117 631.739638 1452.489888 2.033642
F 1424.469687 1157.126071 1.249665
E -2.740452 620.711615 1496.485679 2.038562
F 1438.680146 1199.845543 1.249665
E -2.702023 612.341909 1544.107373 2.043625
F 1452.890604 1242.565015 1.249665
E -2.665371 606.517867 1594.609225 2.048676
F 1452.890604 1242.565015 1.249665
E -2.665371 606.517867 1594.609225 2.048676
F 1466.990904 1284.953329 1.249665
E -2.630708 602.928307 1647.476378 2.053637
F 1477.282345 1329.012937 1.328471
E -2.595849 601.152785 1701.677908 2.059880
F 1483.154670 1373.371243 1.423039
E -2.559990 601.135269 1753.393458 2.066505
F 1483.154670 1373.371243 1.423039
E -2.559990 601.135269 1753.393458 2.066505
F 1484.677281 1417.920013 1.519858
E -2.522796 602.970904 1802.300827 2.073152
F 1481.888078 1463.105060 1.616677
E -2.483722 606.854695 1849.027720 2.079931
F 1474.942556 1506.955569 1.711245
E -2.444338 612.709055 1891.806608 2.086416
F 1474.942556 1506.955569 1.711245
E -2.444338 612.709055 1891.806608 2.086416
F 1460.095795 1549.695566 1.877865
E -2.402677 620.941377 1929.554546 2.096543
F 1437.443669 1588.536603 2.067000
E -2.359228 631.666850 1957.553363 2.108030
F 1410.164513 1621.310378 2.231368
E -0.745797 1974.591058 644.239885 2.117364
F 1380.118161 1650.647970 2.343948
E -0.703024 1984.385593 658.764835 2.123916
F 1380.118161 1650.647970 2.343948
E -0.703024 1984.385593 658.764835 2.123916
F 1348.675733 1682.870077 2.343948
E -0.656702 1994.000201 676.340226 2.128776
F 1317.720784 1714.592616 2.343948
E -0.610931 2007.204215 695.188289 2.133477
F 1283.859447 1744.057595 2.413748
E -0.564373 2021.573040 715.590902 2.139168
F 1247.574459 1769.935887 2.506065
E -0.517716 2033.129600 737.073055 2.145434
F 1247.574459 1769.935887 2.506065
E -0.517716 2033.129600 737.073055 2.145434
F 1208.436946 1792.348262 2.605136
E -0.469994 2040.865912 759.883714 2.152028
F 1167.172174 1810.967785 2.701955
E -0.421562 2044.473433 783.651893 2.158560
F 1124.825732 1825.421934 2.796523
E -0.373160 2044.087324 807.783535 2.164883
F 1124.825732 1825.421934 2.796523
E -0.373160 2044.087324 807.783535 2.164883
F 1081.106203 1835.750087 2.893342
E -0.324018 2039.720794 832.440458 2.171302
F 1037.125319 1841.815506 2.987910
E -0.274876 2031.472639 857.040123 2.177515
F 991.545556 1843.712031 3.084729
E -0.223728 2019.024684 882.364927 2.184044
F 947.562789 1841.297280 -3.103888
E -0.173659 2003.200376 906.685484 2.190149
F 947.562789 1841.297280 -3.103888
E -0.173659 2003.200376 906.685484 2.190149
F 902.961732 1834.651323 -3.009321
E -0.121603 1983.240707 931.283093 2.196454
F 858.894907 1823.529494 -2.910250
E -0.068231 1959.300596 955.588994 2.202968
F 816.406307 1808.425126 -2.815682
E -0.014215 1931.849556 979.069016 2.209236
F 816.406307 1808.425126 -2.815682
E -0.014215 1931.849556 979.069016 2.209236
F 776.067766 1789.459014 -2.718863
E 0.040400 1901.242973 1001.496645 2.215455
F 737.440708 1766.523924 -2.622043
E 0.096889 1866.940844 1023.152659 2.221728
F 700.997703 1739.965865 -2.527476
E 0.155454 1829.330300 1043.795017 2.227943
F 667.775935 1710.513843 -2.432908
E 0.215405 1789.449109 1062.885921 2.233999
F 667.775935 1710.513843 -2.432908
E 0.215405 1789.449109 1062.885921 2.233999
F 636.074174 1678.993992 -2.369863
E 0.279492 1747.835949 1080.848063 2.239242
F 603.850215 1647.803789 -2.372114
E 0.350899 1708.875186 1097.697737 2.243818
F 571.512815 1616.479948 -2.372114
E 0.432344 1675.939892 1113.001569 2.248419
F 571.512815 1616.479948 -2.372114
E 0.432344 1675.939892 1113.001569 2.248419
F 539.426092 1585.398928 -2.372114
E 0.523255 1650.346737 1125.660295 2.252940
F 507.296237 1554.111795 -2.369863
E 0.623791 1632.773148 1134.830968 2.257488
F 475.072279 1522.921592 -2.372114
E 0.730936 1624.403879 1139.576586 2.262027
F 442.484201 1491.354931 -2.372114
E 2.412193 1139.372703 1625.968246 2.266663
F 442.484201 1491.354931 -2.372114
E 2.412193 1139.372703 1625.968246 2.266663
F 413.596205 1456.969822 -2.284301
E 2.519133 1134.277681 1633.364550 2.272508
F 388.659072 1420.659297 -2.189734
E 2.620370 1124.901842 1641.721010 2.278376
F 366.703178 1381.068809 -2.092914
E 2.719961 1111.223063 1650.676055 2.284547
F 366.703178 1381.068809 -2.092914
E 2.719961 1111.223063 1650.676055 2.284547
F 348.649883 1339.746882 -1.998347
E 2.814355 1094.078789 1659.627827 2.290591
F 332.945651 1297.896214 -1.939805
E 2.902838 1074.231131 1669.695948 2.295613
F 316.659888 1256.111215 -1.942056
E 2.985215 1052.307333 1684.588836 2.300076
F 300.626320 1214.602710 -1.939805
E 3.059725 1029.539275 1705.748351 2.304462
F 300.626320 1214.602710 -1.939805
E 3.059725 1029.539275 1705.748351 2.304462
F 284.513547 1172.937784 -1.939805
E 3.127714 1006.476650 1732.563944 2.308874
F 268.227783 1131.152784 -1.942056
E -3.093455 983.802718 1764.674977 2.313312
F 252.067968 1089.318915 -1.939805
E -3.036848 962.107818 1801.386188 2.317741
F 252.067968 1089.318915 -1.939805
E -3.036848 962.107818 1801.386188 2.317741
F 235.529709 1046.883185 -1.942056
E -2.984121 941.446579 1842.964524 2.322301
F 219.449778 1005.579866 -1.942056
E -2.936807 922.909200 1887.340613 2.326610
F 203.289962 963.745997 -1.939805
E -2.892333 905.836126 1935.752431 2.331015
F 203.289962 963.745997 -1.939805
E -2.892333 905.836126 1935.752431 2.331015
F 187.051308 921.755562 -1.939805
E -2.850686 890.450100 1987.680150 2.335444
F 170.765544 879.970563 -1.942056
E -2.811928 876.892466 2042.689213 2.339832
F 154.605729 838.136694 -1.939805
E -2.775571 865.033499 2100.715234 2.344211
F 138.951202 797.978520 -1.942056
E -2.742680 855.156875 2159.174859 2.348249
F 136.678599 791.934828 -1.939805
E -2.737914 853.796090 2168.148871 2.348341
F 136.678599 791.934828 -1.939805
E -2.737914 853.796090 2168.148871 2.348341
F 136.678599 791.934828 -1.939805
E -2.737914 853.796090 2168.148871 2.348341
F 136.678599 791.934828 -1.939805
E -2.737914 853.796090 2168.148871 2.348341
F 136.678599 791.934828 -1.939805
E -2.737914 853.796090 2168.148871 2.348341
F 136.678599 791.934828 -1.939805
E -2.737914 853.796090 2168.148871 2.348341
F 136.678599 791.934828 -1.939805
E -2.737914 853.796090 2168.148871 2.348341
F 136.678599 791.934828 -1.939805
E -2.737914 853.796090 2168.148871 2.348341
