F 1811.280797 1851.341796 3.730403
E -0.597348 79.428793 63.350965 0.100053
W C 1291.0 1881.0 383.0 1458.0 482.0 682.0 1191.0 747.0 1693.0 1043.0 1805.0 190.0
F 1807.814528 1844.901074 3.730406
E -0.617503 69.546253 49.990165 0.081387
W C 1291.0 1881.0 383.0 1458.0 482.0 682.0 1191.0 747.0 1693.0 1043.0 1805.0 190.0
F 1806.397484 1842.333896 3.730251
E -0.625901 62.731790 42.573275 0.071041
W C 1291.0 1881.0 383.0 1458.0 482.0 682.0 1191.0 747.0 1693.0 1043.0 1805.0 190.0
F 1805.516358 1840.379212 3.729872
E -0.630575 57.615633 37.700938 0.064048
W C 1291.0 1881.0 383.0 1458.0 482.0 682.0 1191.0 747.0 1693.0 1043.0 1805.0 190.0
F 1805.100461 1839.003670 3.729464
E -0.633677 53.581732 34.188370 0.058858
W C 1291.0 1881.0 383.0 1458.0 482.0 682.0 1191.0 747.0 1693.0 1043.0 1805.0 190.0
F 1804.621754 1838.074180 3.729266
E -0.635915 50.292181 31.502788 0.054789
W C 1291.0 1881.0 383.0 1458.0 482.0 682.0 1191.0 747.0 1693.0 1043.0 1805.0 190.0
F 1804.319133 1837.478512 3.729140
E -0.637613 47.542427 29.363409 0.051480
W C 1291.0 1881.0 383.0 1458.0 482.0 682.0 1191.0 747.0 1693.0 1043.0 1805.0 190.0
F 1804.102869 1837.085289 3.729068
E -0.638940 45.199347 27.607385 0.048716
W C 1291.0 1881.0 383.0 1458.0 482.0 682.0 1191.0 747.0 1693.0 1043.0 1805.0 190.0
F 1803.955191 1836.788710 3.729006
E -0.640004 43.171689 26.132521 0.046360
W C 1291.0 1881.0 383.0 1458.0 482.0 682.0 1191.0 747.0 1693.0 1043.0 1805.0 190.0
F 1803.872805 1836.446298 3.728830
E -0.640882 41.394430 24.871069 0.044320
W C 1291.0 1881.0 383.0 1458.0 482.0 682.0 1191.0 747.0 1693.0 1043.0 1805.0 190.0
F 1803.769111 1836.291052 3.728817
E -0.641627 39.819873 23.776124 0.042530
W C 1291.0 1881.0 383.0 1458.0 482.0 682.0 1191.0 747.0 1693.0 1043.0 1805.0 190.0
F 1803.745821 1836.097493 3.728740
E -0.642257 38.412306 22.814017 0.040942
W C 1291.0 1881.0 383.0 1458.0 482.0 682.0 1191.0 747.0 1693.0 1043.0 1805.0 190.0
F 1803.822665 1835.936285 3.728630
E -0.642813 37.144191 21.959939 0.039521
W C 1291.0 1881.0 383.0 1458.0 482.0 682.0 1191.0 747.0 1693.0 1043.0 1805.0 190.0
F 1784.646192 1823.079798 3.729141
E -0.618712 35.449875 21.832347 0.070512
W C 1291.0 1881.0 383.0 1458.0 482.0 682.0 1191.0 747.0 1693.0 1043.0 1805.0 190.0
F 1751.012329 1800.452647 3.727593
E -0.543205 33.707857 23.061095 0.089341
W C 1291.0 1881.0 383.0 1458.0 482.0 682.0 1191.0 747.0 1693.0 1043.0 1805.0 190.0
F 1718.034722 1778.141284 -2.553237
E -0.446075 32.363168 23.717141 0.090184
W C 1291.0 1881.0 383.0 1458.0 482.0 682.0 1191.0 747.0 1693.0 1043.0 1805.0 190.0
F 1685.181660 1756.612526 -2.560243
E -0.343670 31.342680 24.287735 0.095616
W C 1291.0 1881.0 383.0 1458.0 482.0 682.0 1191.0 747.0 1693.0 1043.0
F 1686.930528 1758.320917 -2.559141
E -0.398581 30.400280 23.286276 0.074984
W C 1291.0 1881.0 383.0 1458.0 482.0 682.0 1191.0 747.0 1693.0 1043.0
F 1650.950307 1735.378654 -2.561117
E -0.263776 29.611693 23.658790 0.094069
W C 1291.0 1881.0 383.0 1458.0 482.0 682.0 1191.0 747.0 1693.0 1043.0
F 1616.482224 1713.156518 -2.561430
E -0.143848 29.053469 23.548795 0.095277
W C 1291.0 1881.0 383.0 1458.0 482.0 682.0 1191.0 747.0 1693.0 1043.0
F 1583.600939 1691.836865 -2.563449
E -0.049809 28.540511 23.275153 0.095128
W C 1291.0 1881.0 383.0 1458.0 482.0 682.0 1191.0 747.0 1693.0 1043.0
F 1551.682652 1671.025468 -2.565433
E 0.023477 27.994541 22.951639 0.095004
W C 1291.0 1881.0 383.0 1458.0 482.0 682.0 1191.0 747.0 1693.0 1043.0
F 1553.917388 1672.753943 -2.565491
E -0.101295 26.477243 22.139323 0.073695
W C 1291.0 1881.0 383.0 1458.0 482.0 682.0 1191.0 747.0 1693.0 1043.0
F 1517.900301 1649.567561 -2.564453
E 0.030448 26.204137 21.961479 0.093298
W C 1291.0 1881.0 383.0 1458.0 482.0 682.0 1191.0 747.0 1693.0 1043.0
F 1482.094671 1625.033843 -2.549945
E 0.216068 27.088423 22.078294 0.102259
W C 383.0 1458.0 482.0 682.0 1191.0 747.0 1693.0 1043.0
F 1481.029009 1624.686986 -2.555456
E 0.184064 26.341906 21.679834 0.080633
W C 383.0 1458.0 482.0 682.0 1191.0 747.0 1693.0 1043.0
F 1443.484773 1599.101764 -2.555791
E 0.338043 27.325498 21.478946 0.094674
W C 383.0 1458.0 482.0 682.0 1191.0 747.0 1805.0 190.0 1693.0 1043.0
F 1408.344606 1575.495833 -2.560271
E 0.425850 26.577194 21.120683 0.089457
W C 1291.0 1881.0 383.0 1458.0 482.0 682.0 1191.0 747.0 1805.0 190.0 1693.0 1043.0
F 1374.382785 1552.470468 -2.561744
E 0.497454 26.286149 20.752706 0.089165
W C 1291.0 1881.0 383.0 1458.0 482.0 682.0 1191.0 747.0 1805.0 190.0 1693.0 1043.0
F 1337.784976 1527.541830 -2.554483
E 0.532243 27.410304 20.522672 0.094898
W C 383.0 1458.0 482.0 682.0 1191.0 747.0 1805.0 190.0 1693.0 1043.0
F 1303.151486 1503.798126 -2.545876
E 0.565357 28.377704 20.293324 0.095778
W C 383.0 1458.0 482.0 682.0 1191.0 747.0 1805.0 190.0 1693.0 1043.0
F 1303.217213 1503.908011 -2.549717
E 0.544744 27.350465 19.815542 0.074463
W C 383.0 1458.0 482.0 682.0 1191.0 747.0 1805.0 190.0 1693.0 1043.0
F 1265.395779 1478.960024 -2.558063
E 0.578863 28.336346 19.481693 0.094281
W C 383.0 1458.0 482.0 682.0 1191.0 747.0 1805.0 190.0 1693.0 1043.0
F 1229.869757 1454.934181 -2.550998
E 0.602000 29.150620 19.278702 0.095981
W C 383.0 1458.0 482.0 682.0 1191.0 747.0 1805.0 190.0 1693.0 1043.0
F 1194.000818 1431.030061 -2.550610
E 0.628847 29.895384 19.145339 0.096234
W C 383.0 1458.0 482.0 682.0 1191.0 747.0 1805.0 190.0 1693.0 1043.0
F 1194.128510 1431.469003 -2.555109
E 0.614390 28.659124 18.693532 0.074730
W C 383.0 1458.0 482.0 682.0 1191.0 747.0 1805.0 190.0 1693.0 1043.0
F 1157.353596 1407.547073 -2.565232
E 0.635121 29.693346 18.501978 0.099931
W C 383.0 1458.0 482.0 682.0 1191.0 747.0 1805.0 190.0
F 1121.480830 1384.149679 -2.564802
E 0.639283 30.448334 18.444751 0.102539
W C 383.0 1458.0 482.0 682.0 1191.0 747.0 1805.0 190.0
F 1086.481385 1361.473236 -2.564552
E 0.642805 31.025405 18.458102 0.102716
W C 383.0 1458.0 482.0 682.0 1191.0 747.0 1805.0 190.0
F 1050.976059 1339.130631 -2.570675
E 0.651820 31.537334 18.502501 0.102892
W C 383.0 1458.0 482.0 682.0 1191.0 747.0 1805.0 190.0
F 1052.109299 1339.976528 -2.572357
E 0.644426 30.192457 18.103265 0.080352
W C 383.0 1458.0 482.0 682.0 1191.0 747.0 1805.0 190.0
F 1016.604241 1317.589105 -2.574349
E 0.650376 30.774993 17.951036 0.100535
W C 383.0 1458.0 482.0 682.0 1191.0 747.0 1805.0 190.0
F 982.101618 1295.755942 -2.570555
E 0.649840 31.107557 17.950251 0.102707
W C 383.0 1458.0 482.0 682.0 1191.0 747.0 1805.0 190.0
F 948.358168 1274.702673 -2.572126
E 0.650183 31.301906 18.021530 0.102886
W C 383.0 1458.0 482.0 682.0 1191.0 747.0 1805.0 190.0
F 950.436806 1276.517047 -2.574726
E 0.642278 29.812057 17.595203 0.080306
W C 383.0 1458.0 482.0 682.0 1191.0 747.0 1805.0 190.0
F 914.415608 1254.260381 -2.578933
E 0.641498 30.197612 17.518237 0.100651
W C 383.0 1458.0 482.0 682.0 1191.0 747.0 1805.0 190.0
F 879.512495 1232.798358 -2.580009
E 0.640418 30.428041 17.601976 0.102810
W C 383.0 1458.0 482.0 682.0 1191.0 747.0 1805.0 190.0
F 845.712659 1212.131628 -2.578896
E 0.645671 30.629522 17.754341 0.103203
W C 383.0 1458.0 482.0 682.0 1191.0 747.0 1805.0 190.0
F 811.781089 1192.182043 -2.584344
E 0.645889 30.786304 18.012669 0.112323
W C 383.0 1458.0 482.0 682.0 1191.0 747.0
F 811.468042 1192.709791 -2.589250
E 0.638951 29.152221 17.587821 0.089042
W C 383.0 1458.0 482.0 682.0 1191.0 747.0
F 775.567358 1171.613839 -2.592952
E 0.628263 29.431299 17.673688 0.110176
W C 383.0 1458.0 482.0 682.0 1191.0 747.0
F 739.157343 1150.397208 -2.598073
E 0.620849 29.582663 17.956402 0.113210
W C 383.0 1458.0 482.0 682.0 1191.0 747.0
F 705.396469 1131.006230 -2.598453
E 0.617311 29.633092 18.308421 0.113791
W C 383.0 1458.0 482.0 682.0 1191.0 747.0
F 705.166155 1131.921083 -2.605821
E 0.611367 28.391661 17.837826 0.095233
W C 383.0 1458.0 482.0 682.0
F 665.938514 1109.811192 -2.616466
E 0.594842 29.079794 18.090150 0.122499
W C 383.0 1458.0 482.0 682.0
F 628.732682 1089.296103 -2.625611
E 0.582658 29.507588 18.560113 0.127902
W C 383.0 1458.0 482.0 682.0
F 591.288170 1068.586020 -2.630378
E 0.582332 29.694454 19.115045 0.129001
W C 383.0 1458.0 482.0 682.0
F 591.089370 1068.759134 -2.630566
E 0.605782 28.188198 18.471285 0.104022
W C 383.0 1458.0 482.0 682.0
F 553.113286 1047.845333 -2.632518
E 0.611212 28.535332 18.809214 0.124864
W C 383.0 1458.0 482.0 682.0
F 514.355452 1026.794202 -2.637601
E 0.637810 28.683574 19.357798 0.129446
W C 383.0 1458.0 482.0 682.0
F 479.289034 1006.906862 -2.627243
E 0.686280 28.752865 20.025295 0.131537
W C 383.0 1458.0 482.0 682.0
F 444.171728 986.866904 -2.592136
E 0.750752 29.318272 20.725182 0.138620
W C 383.0 1458.0 482.0 682.0
F 444.601663 988.520235 -2.606718
E 2.370537 19.935375 27.566595 0.110785
W C 383.0 1458.0 482.0 682.0
F 408.787648 961.526604 -2.510351
E 2.438200 20.485183 30.250227 0.162157
W C 482.0 682.0
F 375.809586 930.041056 -2.402972
E 2.549162 20.954908 32.466540 0.153584
W C 482.0 682.0 1805.0 190.0
F 347.437503 897.393818 -2.309433
E 2.670579 21.319685 34.213652 0.155014
W C 482.0 682.0 1805.0 190.0
F 322.238908 862.203496 -2.215870
E 2.794819 21.649248 35.549357 0.158324
W C 482.0 682.0 1805.0 190.0
F 322.183430 861.901492 -2.218184
E 2.807139 21.011405 34.006248 0.132739
W C 482.0 682.0 1805.0 190.0
F 300.068965 824.309376 -2.123963
E 2.919168 21.133520 35.195224 0.156093
W C 482.0 682.0 1805.0 190.0
F 282.021222 783.789373 -2.012820
E 3.064607 21.737438 38.062215 0.201106
W C 482.0 682.0
F 269.457227 742.332070 -1.895595
E -3.044682 22.636407 41.771471 0.227778
W C 482.0 682.0
F 260.255504 698.636178 -1.797245
E -2.860684 23.699494 46.364431 0.249639
W C 482.0 682.0
F 260.255504 698.636178 -1.797245
E -2.860684 23.699494 46.364431 0.249639
W C
F 250.390662 661.092849 -1.719873
E -2.793031 25.697617 46.003826 0.208609
W C 1805.0 190.0
F 246.412466 620.183671 -1.614014
E -2.784790 27.689270 47.906332 0.200061
W C 1805.0 190.0
F 245.078398 579.133301 -1.535966
E -2.782454 29.286224 49.876104 0.195203
W C 1805.0 190.0
F 248.915210 578.128437 -1.507349
E -2.817670 28.178251 49.060287 0.138548
W C 1805.0 190.0 1191.0 747.0
F 257.816335 538.111262 -1.391696
E -2.808716 28.378717 50.637740 0.149409
W C 1805.0 190.0 1191.0 747.0
F 273.420505 498.373192 -1.252344
E -2.790460 28.155542 52.040865 0.133870
W C 1805.0 190.0 1191.0 747.0 1693.0 1043.0
F 292.570431 461.348695 -1.135614
E -2.759871 28.195368 53.103153 0.148065
W C 1805.0 190.0 1191.0 747.0
F 294.783015 460.897306 -1.128082
E -2.777422 27.533150 52.398996 0.119688
W C 1805.0 190.0 1191.0 747.0
F 321.199967 426.834975 -0.974380
E -2.736551 27.541975 53.254511 0.146140
W C 1805.0 190.0 1191.0 747.0
F 347.912012 396.602737 -0.876730
E -2.693614 27.765951 53.576616 0.147673
W C 1805.0 190.0 1191.0 747.0
F 380.630573 368.623786 -0.744605
E -2.643376 28.182783 53.940745 0.150818
W C 1805.0 190.0 1191.0 747.0
F 414.593421 345.108781 -0.633037
E -2.593451 28.653325 53.875565 0.149637
W C 1805.0 190.0 1191.0 747.0
F 416.595002 345.401911 -0.625573
E -2.610740 27.913105 52.950157 0.120135
W C 1805.0 190.0 1191.0 747.0
F 456.641868 327.803616 -0.468290
E -2.552927 28.415278 52.673591 0.145118
W C 1805.0 190.0 1191.0 747.0
F 494.855808 313.854519 -0.370702
E -2.492661 29.192470 52.053324 0.148571
W C 1805.0 190.0 1191.0 747.0
F 536.344848 305.711473 -0.236600
E -2.432775 29.942099 51.240789 0.148030
W C 1805.0 190.0 1191.0 747.0
F 540.712313 307.483186 -0.204139
E -2.454129 29.201877 50.141155 0.118838
W C 1805.0 190.0 1191.0 747.0
F 587.133200 304.893452 -0.116804
E -2.389759 29.369257 48.466676 0.120511
W C 1805.0 190.0 1191.0 747.0 1291.0 1881.0
F 632.725473 307.179616 -0.044383
E -0.746184 46.208384 29.697791 0.119866
W C 1805.0 190.0 1191.0 747.0 383.0 1458.0
F 676.009585 311.495728 0.002621
E -0.665263 44.211686 29.980763 0.119094
W C 1805.0 190.0 1191.0 747.0 383.0 1458.0
F 719.423167 316.350974 0.039484
E -0.570741 42.340991 30.421109 0.118481
W C 1805.0 190.0 1191.0 747.0 383.0 1458.0
F 719.847250 318.579610 0.045397
E -0.573037 40.685071 29.598707 0.095461
W C 1805.0 190.0 1191.0 747.0 383.0 1458.0
F 765.234524 322.456815 0.049823
E -0.449734 39.472923 29.491350 0.114742
W C 1805.0 190.0 1191.0 747.0 383.0 1458.0
F 809.829276 327.355615 0.063409
E -0.308832 38.510038 29.165973 0.107988
W C 1805.0 190.0 1191.0 747.0 1291.0 1881.0 383.0 1458.0
F 852.488923 331.882316 0.070109
E -0.166554 37.891327 28.871150 0.116641
W C 1805.0 190.0 1191.0 747.0 383.0 1458.0
F 894.274390 335.572344 0.067664
E -0.083384 37.194253 27.963549 0.107362
W C 1805.0 190.0 1693.0 1043.0 1191.0 747.0 383.0 1458.0
F 895.508834 335.429167 0.058935
E -0.120572 35.595774 27.371614 0.089009
W C 1805.0 190.0 1693.0 1043.0 1191.0 747.0
F 940.476212 338.065750 0.052653
E -0.052428 35.397999 26.608648 0.112700
W C 1805.0 190.0 1693.0 1043.0 1191.0 747.0
F 983.693381 340.780187 0.054008
E 0.025286 35.145723 26.046956 0.116024
W C 1805.0 190.0 1693.0 1043.0 1191.0 747.0
F 1024.491341 343.775764 0.067051
E 0.092733 34.929349 25.447215 0.116962
W C 1805.0 190.0 1693.0 1043.0 1191.0 747.0
F 1025.901763 343.596707 0.055119
E 0.068271 33.249602 25.059096 0.094253
W C 1805.0 190.0 1693.0 1043.0 1191.0 747.0
F 1069.091092 346.055866 0.053756
E 0.131902 33.289532 24.291071 0.113900
W C 1805.0 190.0 1693.0 1043.0 1191.0 747.0
F 1112.875590 348.310579 0.050296
E 0.181159 33.264410 23.681166 0.116795
W C 1805.0 190.0 1693.0 1043.0 1191.0 747.0
F 1154.966883 350.431914 0.052987
E 0.217995 33.131019 23.193639 0.116917
W C 1805.0 190.0 1693.0 1043.0 1191.0 747.0
F 1194.408081 352.501951 0.067976
E 0.246045 32.962809 22.790406 0.117066
W C 1805.0 190.0 1693.0 1043.0 1191.0 747.0
F 1195.237153 352.276557 0.055385
E 0.219177 31.113736 22.406960 0.093919
W C 1805.0 190.0 1693.0 1043.0 1191.0 747.0
F 1239.147073 354.612041 0.054907
E 0.216051 31.220860 21.910210 0.113549
W C 1805.0 190.0 1693.0 1043.0 1191.0 747.0
F 1281.735303 357.225107 0.083509
E 0.209611 31.763539 21.642825 0.121042
W C 1805.0 190.0 1693.0 1043.0 1191.0 747.0
F 1321.294211 362.260593 0.152580
E 0.208897 33.036170 21.451289 0.127564
W C 1805.0 190.0 1693.0 1043.0 1191.0 747.0
F 1320.900977 362.179470 0.145539
E 0.165979 31.087445 20.926034 0.098501
W C 1805.0 190.0 1693.0 1043.0 1191.0 747.0
F 1363.055623 377.349810 0.303229
E 0.198392 32.757466 20.460012 0.115455
W C 1805.0 190.0 1693.0 1043.0 1291.0 1881.0 1191.0 747.0
F 1400.439374 397.372885 0.443920
E 0.239866 32.872709 20.224771 0.112916
W C 1805.0 190.0 1693.0 1043.0 1291.0 1881.0 1191.0 747.0
F 1432.011616 416.979366 0.522156
E 0.290172 32.365630 20.169380 0.111237
W C 1805.0 190.0 1693.0 1043.0 1291.0 1881.0 1191.0 747.0
F 1432.916115 419.467322 0.538861
E 0.249314 30.131083 19.644778 0.089591
W C 1805.0 190.0 1693.0 1043.0 1191.0 747.0
F 1463.368530 447.685110 0.683430
E 0.335180 30.152420 19.711073 0.109506
W C 1805.0 190.0 1693.0 1043.0 1291.0 1881.0 1191.0 747.0
F 1488.970051 477.566161 0.796610
E 0.425916 29.753385 19.999002 0.109951
W C 1805.0 190.0 1693.0 1043.0 1291.0 1881.0 1191.0 747.0
F 1510.221579 505.043033 0.860577
E 0.548403 29.594799 20.592991 0.122831
W C 1805.0 190.0 1693.0 1043.0 1191.0 747.0
F 1525.281977 536.364708 1.003328
E 0.674587 29.685051 20.735996 0.104143
W C 1805.0 190.0 1693.0 1043.0 1291.0 1881.0 383.0 1458.0 1191.0 747.0
F 1522.486769 541.076517 1.049094
E 0.663237 27.311408 19.951487 0.075257
W C 1805.0 190.0 1693.0 1043.0 1291.0 1881.0 383.0 1458.0 1191.0 747.0 482.0 682.0
F 1532.301845 580.626886 1.245535
E 2.446331 20.154775 29.537463 0.105084
W C 1693.0 1043.0 1291.0 1881.0 383.0 1458.0 1191.0 747.0 482.0 682.0
F 1537.557547 620.081006 1.394937
E 2.601559 20.352902 30.903552 0.114203
W C 1693.0 1043.0 1291.0 1881.0 383.0 1458.0 1191.0 747.0
F 1535.219827 660.160101 1.571945
E 2.743801 20.547613 31.979268 0.126632
W C 1693.0 1043.0 383.0 1458.0 1191.0 747.0
F 1533.532812 666.320862 1.606764
E 2.692558 19.889667 30.327517 0.093295
W C 1693.0 1043.0 1291.0 1881.0 383.0 1458.0 1191.0 747.0
F 1522.992833 707.819709 1.788887
E 2.861427 20.412806 30.679326 0.113392
W C 1693.0 1043.0 1291.0 1881.0 383.0 1458.0 1191.0 747.0
F 1508.153982 744.899708 1.931534
E 2.999221 20.916321 30.188316 0.112818
W C 1693.0 1043.0 1291.0 1881.0 383.0 1458.0 1191.0 747.0
F 1489.427818 777.232308 2.066128
E 3.121478 21.344657 29.103680 0.111680
W C 1693.0 1043.0 1291.0 1881.0 383.0 1458.0 1191.0 747.0
F 1469.819387 805.187227 2.134661
E -3.089546 21.466483 27.271667 0.107319
W C 1693.0 1043.0 1291.0 1881.0 383.0 1458.0 1191.0 747.0
F 1464.052689 807.220091 2.201242
E 3.031637 20.738851 24.899919 0.082752
W C 1693.0 1043.0 1291.0 1881.0 383.0 1458.0 1191.0 747.0
F 1430.589671 840.097858 2.315920
E -3.125592 20.982895 23.703780 0.101136
W C 1693.0 1043.0 1291.0 1881.0 383.0 1458.0 1191.0 747.0
F 1395.620922 868.244163 2.395017
E -2.933742 21.229570 22.599040 0.095759
W C 1693.0 1043.0 1291.0 1881.0 383.0 1458.0 482.0 682.0 1191.0 747.0
F 1360.007655 895.861616 2.453713
E -2.366868 21.560343 22.460640 0.104350
W C 1291.0 1881.0 383.0 1458.0 482.0 682.0 1191.0 747.0
F 1354.935461 900.116991 2.453200
E 2.978100 20.989421 21.283636 0.083004
W C 1291.0 1881.0 383.0 1458.0 482.0 682.0 1191.0 747.0
F 1316.975251 929.576529 2.469644
E -0.617358 22.164129 20.785630 0.103804
W C 1291.0 1881.0 383.0 1458.0 482.0 682.0 1191.0 747.0
F 1280.530860 957.280870 2.482467
E -0.592872 24.237710 20.737191 0.112195
W C 1291.0 1881.0 383.0 1458.0 482.0 682.0
F 1244.463026 984.573539 2.487988
E -0.602869 26.036931 20.804526 0.113176
W C 1291.0 1881.0 383.0 1458.0 482.0 682.0
F 1243.076565 985.571090 2.487819
E -0.610735 25.456847 20.403328 0.089515
W C 1291.0 1881.0 383.0 1458.0 482.0 682.0
F 1206.886062 1013.050814 2.490459
E -0.565500 26.597938 20.389013 0.110192
W C 1291.0 1881.0 383.0 1458.0 482.0 682.0
F 1170.781288 1040.558855 2.490953
E -0.580067 28.011756 20.354537 0.113111
W C 1291.0 1881.0 383.0 1458.0 482.0 682.0
F 1134.745805 1068.418525 2.486228
E -0.589885 29.193365 20.440241 0.113317
W C 1291.0 1881.0 383.0 1458.0 482.0 682.0
F 1100.067136 1094.901961 2.489831
E -0.597191 30.169888 20.554434 0.113308
W C 1291.0 1881.0 383.0 1458.0 482.0 682.0
F 1066.054764 1120.920711 2.490187
E -0.601056 30.969156 20.664211 0.113328
W C 1291.0 1881.0 383.0 1458.0 482.0 682.0
F 1064.820517 1121.925023 2.489253
E -0.602877 29.910058 20.173871 0.089550
W C 1291.0 1881.0 383.0 1458.0 482.0 682.0
F 1029.474591 1149.026683 2.489209
E -0.576445 30.380019 20.183286 0.110834
W C 1291.0 1881.0 383.0 1458.0 482.0 682.0
F 994.256113 1176.093335 2.488769
E -0.551997 30.744279 20.235661 0.113718
W C 1291.0 1881.0 383.0 1458.0 482.0 682.0
F 958.898454 1202.301178 2.503507
E -0.520574 31.739854 20.451792 0.128535
W C 383.0 1458.0 482.0 682.0
F 959.368689 1202.644634 2.497321
E -0.532825 30.435874 20.017275 0.096952
W C 1291.0 1881.0 383.0 1458.0 482.0 682.0
F 923.157794 1230.074197 2.497837
E -0.525930 31.823939 19.984081 0.124958
W C 383.0 1458.0 482.0 682.0
F 891.690314 1254.190464 2.537045
E -0.522441 33.681535 20.067583 0.125288
W C 1291.0 1881.0 383.0 1458.0 482.0 682.0
F 861.216088 1271.876791 2.637855
E -0.493355 37.491621 20.078152 0.132615
W C 1291.0 1881.0 383.0 1458.0 482.0 682.0
F 838.037281 1283.158068 2.709591
E -0.464909 38.780680 19.933774 0.128791
W C 1291.0 1881.0 383.0 1458.0 482.0 682.0
F 837.820181 1279.962400 2.755320
E -0.466855 36.606338 19.455324 0.097127
W C 1291.0 1881.0 383.0 1458.0 482.0 682.0
F 806.574482 1281.796481 2.968182
E -0.413398 38.166211 19.310513 0.127391
W C 1291.0 1881.0 383.0 1458.0 482.0 682.0
F 774.892539 1278.621159 -3.116790
E -0.339172 39.899934 19.731058 0.146154
W C 383.0 1458.0 482.0 682.0
F 744.057775 1267.125529 -2.885364
E -0.251768 40.690403 20.641748 0.148111
W C 383.0 1458.0 482.0 682.0
F 743.694491 1265.144118 -2.852267
E -0.269746 38.917782 20.185362 0.114790
W C 383.0 1458.0 482.0 682.0
F 717.946315 1245.897263 -2.625335
E -0.142652 38.486158 21.928105 0.129758
W C 383.0 1458.0 482.0 682.0 1191.0 747.0
F 698.429167 1224.999050 -2.457559
E -0.023598 37.170027 23.723343 0.128975
W C 383.0 1458.0 482.0 682.0 1191.0 747.0
F 683.335259 1202.292310 -2.307768
E 0.117712 35.698837 25.378262 0.128702
W C 383.0 1458.0 482.0 682.0 1191.0 747.0
F 674.027701 1174.458224 -2.097428
E 0.299728 34.313262 26.600502 0.127773
W C 383.0 1458.0 482.0 682.0 1191.0 747.0
F 677.230482 1173.947866 -2.060348
E 0.270446 31.417975 25.541204 0.091249
W C 383.0 1458.0 482.0 682.0 1191.0 747.0 1693.0 1043.0
F 673.443048 1140.307997 -1.802957
E 0.750015 33.123217 26.838825 0.128615
W C 482.0 682.0 1191.0 747.0 1693.0 1043.0
F 671.935920 1109.130701 -1.663787
E 2.641824 26.999004 34.944372 0.130615
W C 482.0 682.0 1191.0 747.0 1693.0 1043.0
F 674.066339 1067.302482 -1.564971
E 2.752050 26.099185 34.921582 0.119276
W C 482.0 682.0 1191.0 747.0 1693.0 1043.0
F 680.020957 1065.554175 -1.493576
E 2.717000 25.109562 33.861967 0.094976
W C 482.0 682.0 1191.0 747.0 1693.0 1043.0
F 688.812040 1022.643415 -1.422171
E 2.819136 24.374856 33.552036 0.112346
W C 482.0 682.0 1191.0 747.0 1693.0 1043.0
F 702.301750 978.063064 -1.343576
E 2.862613 23.513015 32.616375 0.104868
W C 482.0 682.0 1805.0 190.0 1191.0 747.0 1693.0 1043.0
F 715.347931 937.172156 -1.310034
E 2.895975 22.868706 31.381251 0.103799
W C 482.0 682.0 1805.0 190.0 1191.0 747.0 1693.0 1043.0
F 727.606945 899.156213 -1.298739
E 2.919194 22.365042 29.985508 0.103115
W C 482.0 682.0 1805.0 190.0 1191.0 747.0 1693.0 1043.0
F 728.950052 896.369528 -1.298998
E 2.845461 21.468192 28.337381 0.080923
W C 482.0 682.0 1805.0 190.0 1191.0 747.0 1693.0 1043.0
F 741.429788 854.869933 -1.299320
E 2.901817 21.195416 27.239086 0.101120
W C 482.0 682.0 1805.0 190.0 1191.0 747.0 1693.0 1043.0
F 754.032243 812.707520 -1.300838
E 2.947383 21.112697 26.136403 0.103336
W C 482.0 682.0 1805.0 190.0 1191.0 747.0 1693.0 1043.0
F 766.247414 772.692904 -1.302830
E 2.999940 21.193253 25.113373 0.103768
W C 482.0 682.0 1805.0 190.0 1191.0 747.0 1693.0 1043.0
F 778.019383 736.579675 -1.304156
E 3.093034 21.414689 24.308646 0.104622
W C 482.0 682.0 1805.0 190.0 1191.0 747.0 1693.0 1043.0
F 778.874498 735.029058 -1.307817
E 2.986119 20.775311 22.621586 0.081416
W C 482.0 682.0 1805.0 190.0 1191.0 747.0 1693.0 1043.0
F 791.854730 695.222843 -1.277990
E -2.918748 20.975611 23.688389 0.106868
W C 482.0 682.0 1805.0 190.0 1191.0 747.0 1693.0 1043.0
F 806.789102 655.817417 -1.234447
E -2.751193 21.310561 24.863786 0.120766
W C 482.0 682.0 1805.0 190.0 1191.0 747.0
F 826.131308 614.914020 -1.148786
E -2.658671 21.911287 27.573136 0.139646
W C 1805.0 190.0 1191.0 747.0
F 827.778756 614.118381 -1.144744
E -2.681600 21.414892 27.103083 0.114417
W C 1805.0 190.0 1191.0 747.0
F 851.556917 574.951841 -1.053958
E -2.569322 21.772270 29.404571 0.140447
W C 1805.0 190.0 1191.0 747.0
F 877.257408 538.145675 -0.975439
E -2.467348 22.295499 31.341035 0.146114
W C 1805.0 190.0 1191.0 747.0
F 905.946871 504.130052 -0.889069
E -2.377812 22.850555 32.926642 0.147659
W C 1805.0 190.0 1191.0 747.0
F 907.270646 503.862655 -0.886074
E -2.410009 22.326594 31.942719 0.120766
W C 1805.0 190.0 1191.0 747.0
F 941.476935 472.074110 -0.780056
E -0.758931 33.361825 22.405409 0.129522
W C 1805.0 190.0 1693.0 1043.0 1191.0 747.0
F 976.930009 444.415274 -0.669748
E -0.674531 35.717180 22.511542 0.137404
W C 1805.0 190.0 1693.0 1043.0 1191.0 747.0
F 1012.099575 421.413405 -0.572798
E -0.594868 37.411930 22.611961 0.137960
W C 1805.0 190.0 1693.0 1043.0 1191.0 747.0
F 1048.898624 404.592690 -0.452459
E -0.531439 37.880671 22.631162 0.134094
W C 1805.0 190.0 1693.0 1043.0 1191.0 747.0
F 1052.143530 405.067527 -0.434259
E -0.563390 36.127613 22.069149 0.106639
W C 1805.0 190.0 1693.0 1043.0 1191.0 747.0
F 1093.005584 394.160194 -0.302287
E -0.484210 36.346217 21.972149 0.128239
W C 1805.0 190.0 1693.0 1043.0 1191.0 747.0
F 1133.091556 387.903809 -0.188452
E -0.404545 36.276337 22.018803 0.129683
W C 1805.0 190.0 1693.0 1043.0 1191.0 747.0
F 1170.750293 384.347422 -0.106042
E -0.318933 36.204390 22.147780 0.130343
W C 1805.0 190.0 1693.0 1043.0 1191.0 747.0
F 1212.649029 386.328203 -0.010535
E -0.256791 35.359198 22.153505 0.123099
W C 1805.0 190.0 1693.0 1043.0 1191.0 747.0
F 1215.947538 390.695822 0.038515
E -0.294266 33.513721 21.360965 0.093675
W C 1805.0 190.0 1693.0 1043.0 1291.0 1881.0 1191.0 747.0
F 1261.616200 396.681716 0.090855
E -0.198303 32.830620 21.555798 0.115455
W C 1805.0 190.0 1693.0 1043.0 1191.0 747.0
F 1305.977207 405.688582 0.150430
E -0.113717 32.274784 21.669320 0.117832
W C 1805.0 190.0 1693.0 1043.0 1191.0 747.0
F 1347.200453 416.593735 0.208092
E -0.029034 32.626670 21.759243 0.114603
W C 1805.0 190.0 1693.0 1043.0 1291.0 1881.0
F 1348.117581 417.685411 0.217713
E -0.051326 31.664430 21.361733 0.096605
W C 1805.0 190.0 1693.0 1043.0
F 1390.630052 429.122245 0.235448
E 0.000922 32.180435 21.045103 0.111662
W C 1805.0 190.0 1693.0 1043.0 1291.0 1881.0
F 1432.666201 440.492912 0.241530
E 0.050411 32.439091 21.053816 0.113127
W C 1805.0 190.0 1693.0 1043.0 1291.0 1881.0
F 1474.687780 450.716561 0.236316
E 0.083210 32.637815 21.178350 0.126310
W C 1805.0 190.0 1693.0 1043.0
F 1512.847524 460.963190 0.241576
E 0.102433 32.453230 21.215805 0.115564
W C 1805.0 190.0 1693.0 1043.0 1291.0 1881.0
F 1514.002308 461.270684 0.240503
E 0.081547 30.886631 20.769734 0.096899
W C 1805.0 190.0 1693.0 1043.0
F 1559.299269 472.255471 0.237303
E 0.101235 30.958167 20.740981 0.123564
W C 1805.0 190.0 1693.0 1043.0
F 1600.930243 482.736024 0.262948
E 0.095401 31.072695 20.882583 0.133027
W C 1805.0 190.0 1693.0 1043.0
F 1638.638556 494.024379 0.293356
E 0.105681 30.844974 21.150195 0.120691
W C 1805.0 190.0 1693.0 1043.0 1291.0 1881.0
F 1639.368676 496.415317 0.310875
E 0.083270 28.721129 20.514243 0.093315
W C 1805.0 190.0 1693.0 1043.0 1291.0 1881.0
F 1679.145135 514.988734 0.399292
E 0.138631 28.884485 20.759781 0.116936
W C 1805.0 190.0 1693.0 1043.0 1291.0 1881.0
F 1718.578936 538.056988 0.492969
E 0.217420 28.963452 21.323264 0.120674
W C 1805.0 190.0 1693.0 1043.0 1291.0 1881.0
F 1753.026384 558.974774 0.533596
E 0.305043 29.105355 22.295804 0.137107
W C 1805.0 190.0 1693.0 1043.0
F 1753.023834 559.181180 0.534019
E 0.353322 28.578981 21.886309 0.121045
W C 1693.0 1043.0
F 1788.844025 587.703229 0.668004
E 0.545854 32.015977 22.717471 0.149038
W C 1693.0 1043.0 383.0 1458.0
F 1819.991546 619.739862 0.799775
E 0.713311 35.355561 23.411677 0.156100
W C 1693.0 1043.0 383.0 1458.0
F 1846.416488 651.515321 0.890744
E 2.414755 23.814171 37.583402 0.154616
W C 1693.0 1043.0 383.0 1458.0
F 1868.786548 687.179833 0.992914
E 2.524084 24.026350 38.820830 0.149833
W C 1693.0 1043.0 383.0 1458.0
F 1868.261008 687.613501 0.998470
E 2.527234 23.529482 38.505130 0.136018
W C 1693.0 1043.0
F 1888.617707 730.096420 1.070945
E 2.638397 23.541055 39.145901 0.142353
W C 1693.0 1043.0 383.0 1458.0
F 1905.950428 772.800432 1.131068
E 2.743417 23.625689 39.596916 0.143561
W C 1693.0 1043.0 383.0 1458.0
F 1919.541034 818.903476 1.237235
E 2.827079 23.481773 39.368764 0.130446
W C 1291.0 1881.0 1693.0 1043.0 383.0 1458.0
F 1932.810660 865.025031 1.289132
E 2.915780 23.254712 38.899362 0.130581
W C 1291.0 1881.0 1693.0 1043.0 383.0 1458.0
F 1934.069992 871.235011 1.291327
E 2.915513 22.782486 37.097690 0.114052
W C 1291.0 1881.0 1693.0 1043.0
F 1942.173351 921.117415 1.388746
E 3.019459 22.581377 37.287969 0.147234
W C 1291.0 1881.0 1693.0 1043.0
F 1945.762823 970.674540 1.479654
E 3.134085 22.662101 37.102122 0.154632
W C 1291.0 1881.0 1693.0 1043.0
F 1945.364425 1015.381243 1.557592
E -3.042019 22.729773 36.018913 0.137454
W C 1291.0 1881.0 1693.0 1043.0 482.0 682.0
F 1943.627911 1022.969896 1.571182
E -3.065773 22.186952 33.175360 0.109965
W C 1291.0 1881.0 383.0 1458.0 1693.0 1043.0
F 1938.644778 1071.958256 1.657720
E -2.943092 22.282287 33.797317 0.149282
W C 383.0 1458.0 1693.0 1043.0
F 1928.619799 1117.305714 1.756243
E -2.894673 22.691386 34.753094 0.141662
W C 1291.0 1881.0 383.0 1458.0
F 1915.297285 1162.389471 1.841586
E -2.864937 23.176815 36.177974 0.140160
W C 1291.0 1881.0 383.0 1458.0
F 1899.839189 1204.723673 1.914962
E -2.839921 23.599361 37.411641 0.138336
W C 1291.0 1881.0 383.0 1458.0
F 1896.596593 1206.866154 1.933117
E -2.863999 22.884768 36.723299 0.102546
W C 1291.0 1881.0 383.0 1458.0 482.0 682.0
F 1873.430545 1249.156708 2.037609
E -2.822825 22.861959 37.962190 0.119379
W C 1291.0 1881.0 383.0 1458.0 482.0 682.0
F 1849.723473 1288.786112 2.100215
E -2.769634 22.809508 38.854406 0.112076
W C 1291.0 1881.0 383.0 1458.0 482.0 682.0 1191.0 747.0
F 1823.496558 1325.811816 2.172833
E -2.718154 22.731984 39.487199 0.111076
W C 1291.0 1881.0 383.0 1458.0 482.0 682.0 1191.0 747.0
F 1820.641863 1326.931622 2.189568
E -2.733396 22.066448 38.463125 0.086721
W C 1291.0 1881.0 383.0 1458.0 482.0 682.0 1191.0 747.0
F 1789.429165 1361.466629 2.283126
E -2.673217 21.918130 39.005424 0.108743
W C 1291.0 1881.0 383.0 1458.0 482.0 682.0 1191.0 747.0
F 1755.207952 1393.334295 2.375360
E -2.613921 21.898171 39.359922 0.110306
W C 1291.0 1881.0 383.0 1458.0 482.0 682.0 1191.0 747.0
F 1721.023566 1421.974679 2.440496
E -2.555670 21.912115 39.527645 0.109943
W C 1291.0 1881.0 383.0 1458.0 482.0 682.0 1191.0 747.0
F 1686.357992 1447.514805 2.504291
E -2.501491 21.876315 39.553315 0.109293
W C 1291.0 1881.0 383.0 1458.0 482.0 682.0 1191.0 747.0
F 1683.970008 1447.509016 2.523083
E -2.518140 21.221936 38.289140 0.085230
W C 1291.0 1881.0 383.0 1458.0 482.0 682.0 1191.0 747.0
F 1644.521129 1469.880920 2.604484
E -2.461030 21.086836 38.186198 0.104928
W C 1291.0 1881.0 383.0 1458.0 482.0 682.0 1191.0 747.0
F 1602.748381 1489.977096 2.658290
E -2.412841 20.984840 37.870655 0.104490
W C 1291.0 1881.0 383.0 1458.0 482.0 682.0 1191.0 747.0
F 1563.465156 1508.859107 2.679220
E -2.365749 21.214876 37.159988 0.104530
W C 1291.0 1881.0 383.0 1458.0 482.0 682.0 1191.0 747.0
F 1562.204080 1509.223674 2.679753
E -2.386724 20.600642 35.833895 0.082240
W C 1291.0 1881.0 383.0 1458.0 482.0 682.0 1191.0 747.0
F 1521.788361 1528.956069 2.676308
E -0.740456 36.246084 20.937400 0.112846
W C 383.0 1458.0 482.0 682.0 1191.0 747.0
F 1482.609091 1548.212778 2.681854
E -0.712827 35.776825 20.587399 0.104254
W C 1291.0 1881.0 383.0 1458.0 482.0 682.0 1191.0 747.0
F 1443.044431 1567.839469 2.680840
E -0.699736 35.235049 20.191230 0.102791
W C 1291.0 1881.0 383.0 1458.0 482.0 682.0 1191.0 747.0
F 1403.245501 1586.507779 2.696481
E -0.637461 35.870683 20.752209 0.116067
W C 383.0 1458.0 482.0 682.0 1191.0 747.0
F 1402.822560 1586.988395 2.687033
E -0.641726 35.405804 20.381896 0.093723
W C 383.0 1458.0 482.0 682.0 1191.0 747.0
F 1362.225900 1605.506941 2.719186
E -0.571639 36.766175 20.641830 0.119812
W C 383.0 1458.0 482.0 682.0 1191.0 747.0
F 1322.757823 1621.462434 2.767034
E -0.509549 37.989646 21.059935 0.123350
W C 383.0 1458.0 482.0 682.0 1191.0 747.0
F 1281.412276 1634.534422 2.836371
E -0.449426 39.155541 21.518082 0.124561
W C 383.0 1458.0 482.0 682.0 1191.0 747.0
F 1281.296845 1633.937438 2.843582
E -0.460362 38.508304 20.956984 0.098678
W C 383.0 1458.0 482.0 682.0 1191.0 747.0
F 1236.566401 1641.496240 2.949533
E -0.396614 39.511732 21.222878 0.121450
W C 383.0 1458.0 482.0 682.0 1191.0 747.0
F 1193.060434 1646.589168 3.011045
E -0.337864 40.034171 21.579852 0.121195
W C 383.0 1458.0 482.0 682.0 1191.0 747.0
F 1149.515105 1648.699779 3.056091
E -0.283273 40.381822 21.906023 0.119050
W C 383.0 1458.0 482.0 682.0 1191.0 747.0
F 1106.522860 1650.901081 3.076109
E -0.231865 40.657511 22.155593 0.118286
W C 383.0 1458.0 482.0 682.0 1191.0 747.0
F 1106.967380 1650.842722 3.076439
E -0.241034 39.792276 21.564409 0.095245
W C 383.0 1458.0 482.0 682.0 1191.0 747.0
F 1062.699443 1654.158709 3.070933
E -0.176795 40.071432 21.796375 0.115162
W C 383.0 1458.0 482.0 682.0 1191.0 747.0
F 1019.557461 1656.844659 3.079526
E -0.131685 40.486354 21.769461 0.117998
W C 383.0 1458.0 482.0 682.0 1191.0 747.0
F 976.972449 1659.414273 3.086686
E -0.089507 40.892518 21.802577 0.118344
W C 383.0 1458.0 482.0 682.0 1191.0 747.0
F 976.706990 1660.536587 3.074075
E -0.098718 39.952197 21.222424 0.095374
W C 383.0 1458.0 482.0 682.0 1191.0 747.0
F 932.438641 1663.889289 3.074588
E -0.057814 40.516599 21.097339 0.115677
W C 383.0 1458.0 482.0 682.0 1191.0 747.0
F 888.794339 1668.050962 3.061507
E -0.012512 41.084598 21.303439 0.129404
W C 383.0 1458.0 482.0 682.0
F 844.997196 1671.882743 3.062644
E 0.016074 41.712073 21.362509 0.132309
W C 383.0 1458.0 482.0 682.0
F 845.169017 1672.540865 3.057146
E 0.005548 40.832450 20.836363 0.108622
W C 383.0 1458.0 482.0 682.0
F 800.445337 1677.233730 3.047727
E 0.047914 41.558876 20.770855 0.129414
W C 383.0 1458.0 482.0 682.0
F 757.033351 1681.278414 3.054477
E 0.076987 42.274601 20.731693 0.133384
W C 383.0 1458.0 482.0 682.0
F 713.501999 1685.239474 3.060147
E 0.110962 42.988002 20.780405 0.134651
W C 383.0 1458.0 482.0 682.0
F 672.824675 1687.940298 3.076044
E 0.148680 43.590448 20.774044 0.134680
W C 383.0 1458.0 482.0 682.0
F 667.167603 1689.546185 3.069885
E 0.151139 42.712601 20.154835 0.113074
W C 383.0 1458.0 482.0 682.0
F 666.342743 1691.161764 3.055360
E 0.145118 41.811419 19.709007 0.100306
W C 383.0 1458.0 482.0 682.0
F 665.666960 1692.122177 3.047926
E 0.139402 40.970722 19.376338 0.091999
W C 383.0 1458.0 482.0 682.0
F 665.084908 1692.813139 3.043360
E 0.133902 40.183753 19.100165 0.086046
W C 383.0 1458.0 482.0 682.0
F 664.462338 1693.302356 3.040481
E 0.128587 39.444903 18.857332 0.081506
W C 383.0 1458.0 482.0 682.0
F 663.893744 1693.739894 3.038546
E 0.123448 38.749299 18.636439 0.077890
W C 383.0 1458.0 482.0 682.0
F 663.355735 1694.117822 3.037237
E 0.118471 38.092776 18.431331 0.074915
W C 383.0 1458.0 482.0 682.0
F 662.862104 1694.453845 3.036333
E 0.113649 37.471698 18.238291 0.072405
W C 383.0 1458.0 482.0 682.0
